6
04256520
e877f5881c54551a2665f68ebc337f05
-1.3907626831793112 -0.739014773954928  -0.8651410504703799
-0.6516910613244714  -0.025038890957017487 0.7578385578484266 -0.018775909236155224
2.5978772385754834 2.193563434058858 2.2005665277932556
0.4406924843788147 0.15240350365638733 0.18045249581336975
-0.0034175068140029907 0.003734499216079712  -0.03349149972200394
04256520
267dcf5952e84873fad6a32f56e259a2
0.00216090219732408 -0.6500998709578578 1.0656608835566643
-0.9982654630074638 0.01273910585320179 0.056848469127040335 -0.008487173055109504
1.1481056818092925 1.443722907305332 1.563448007174218
0.358938992023468 0.2569025158882141 0.23487049341201782
0.001314997673034668 -0.02077050507068634 -0.03903650492429733
04256520
918ae8afec3dc70af7628281ecb18112
-0.02775570436315834 -0.6471836876769284 -2.593175098104275
0.03838459387128425 0.008350914251081577 0.9992109370639002 -0.005864165447059149
1.3225867882988709 1.4688150793565569 1.7572897480446052
0.3133689761161804 0.27345800399780273 0.27752548456192017
-0.0023819953203201294 -0.02822599560022354 -0.05143149942159653
04256520
918ae8afec3dc70af7628281ecb18112
0.8298654187999992 -0.6592413792121179 -2.5042280967744257
0.0479401683171312 0.0032330042455299872 0.9988281284925772 -0.005801523704080196
1.3986082931603885 1.4421251010576224 1.739291025382309
0.3133689761161804 0.27345800399780273 0.27752548456192017
-0.0023819953203201294 -0.02822599560022354 -0.05143149942159653
04379243
3c899eb5c23784f9febad4f49b26ec52
0.2312283084729066 -0.9505722442357913 -0.9928237451916913
-0.9985449237880499 0.0033502349074631976 0.05382188102865837 -0.00012738021512452417
1.1673715393495616 1.176229929145489 0.8983829062921641
0.335376501083374 0.15874949097633362 0.335143506526947
-0.014673501253128052 0.01682949811220169 -0.001712501049041748
04379243
3c899eb5c23784f9febad4f49b26ec52
0.15519536579832674 -0.9378185160650561 -0.37668480520777947
-0.9976160633771762 -0.009119941818261952 0.06534573748999284 0.020222545461604027
1.1930591956125094 1.1654393497599396 0.893707518313024
0.335376501083374 0.15874949097633362, 0.335143506526947
-0.014673501253128052 0.01682949811220169 -0.001712501049041748
